1)
STATIC
|                   create_table:|        0.000000 |        0.000000 |        0.000000 |
|                       wc_files:|        0.530000 |        0.000000 |        0.000000 |
|                   remove_block:|        0.000000 |        0.000000 |        0.000000 |
SHARED
|                   create_table:|        0.000000 |        0.000000 |        0.000000 |
|                       wc_files:|        0.520000 |        0.000000 |        0.000000 |
|                   remove_block:|        0.000000 |        0.000000 |        0.000000 |

2)
STATIC
|                   create_table:|        0.000000 |        0.000000 |        0.000000 |
|                       wc_files:|        0.320000 |        0.000000 |        0.000000 |
|                       wc_files:|        0.630000 |        0.000000 |        0.000000 |
|                       wc_files:|        0.840000 |        0.000000 |        0.000000 |
|                       wc_files:|        0.900000 |        0.000000 |        0.000000 |
|                   remove_block:|        0.000000 |        0.000000 |        0.000000 |
|                   remove_block:|        0.000000 |        0.000000 |        0.000000 |
|                   remove_block:|        0.000000 |        0.000000 |        0.000000 |
|                   remove_block:|        0.000000 |        0.000000 |        0.000000 |
SHARED
|                   create_table:|        0.000000 |        0.000000 |        0.000000 |
|                       wc_files:|        0.310000 |        0.000000 |        0.000000 |
|                       wc_files:|        0.530000 |        0.000000 |        0.000000 |
|                       wc_files:|        0.870000 |        0.000000 |        0.000000 |
|                       wc_files:|        0.850000 |        0.000000 |        0.000000 |
|                   remove_block:|        0.000000 |        0.000000 |        0.000000 |
|                   remove_block:|        0.000000 |        0.000000 |        0.000000 |
|                   remove_block:|        0.000000 |        0.000000 |        0.000000 |
|                   remove_block:|        0.000000 |        0.000000 |        0.000000 |

3)
STATIC
|                   create_table:|        0.000000 |        0.000000 |        0.000000 |
|                       wc_files:|        0.490000 |        0.000000 |        0.000000 |
|                       wc_files:|        1.020000 |        0.000000 |        0.000000 |
|                       wc_files:|        1.500000 |        0.000000 |        0.000000 |
|                       wc_files:|        1.500000 |        0.000000 |        0.000000 |
|                       wc_files:|        1.520000 |        0.000000 |        0.000000 |
|                       wc_files:|        0.490000 |        0.000000 |        0.000000 |
|                       wc_files:|        1.000000 |        0.000000 |        0.000000 |
|                       wc_files:|        1.600000 |        0.000000 |        0.000000 |
|                       wc_files:|        1.340000 |        0.000000 |        0.000000 |
|                       wc_files:|        1.530000 |        0.000000 |        0.000000 |
|                   remove_block:|        0.000000 |        0.000000 |        0.000000 |
|                   remove_block:|        0.000000 |        0.000000 |        0.000000 |
|                   remove_block:|        0.000000 |        0.000000 |        0.000000 |
|                   remove_block:|        0.000000 |        0.000000 |        0.000000 |
|                   remove_block:|        0.000000 |        0.000000 |        0.000000 |
|                   remove_block:|        0.000000 |        0.000000 |        0.000000 |
|                   remove_block:|        0.000000 |        0.000000 |        0.000000 |
|                   remove_block:|        0.000000 |        0.000000 |        0.000000 |
|                   remove_block:|        0.000000 |        0.000000 |        0.000000 |
|                   remove_block:|        0.000000 |        0.000000 |        0.000000 |
SHARED
|                   create_table:|        0.000000 |        0.000000 |        0.000000 |
|                       wc_files:|        0.520000 |        0.000000 |        0.000000 |
|                       wc_files:|        0.940000 |        0.000000 |        0.000000 |
|                       wc_files:|        1.490000 |        0.000000 |        0.000000 |
|                       wc_files:|        1.390000 |        0.000000 |        0.000000 |
|                       wc_files:|        1.500000 |        0.000000 |        0.000000 |
|                       wc_files:|        0.500000 |        0.000000 |        0.000000 |
|                       wc_files:|        0.890000 |        0.000000 |        0.000000 |
|                       wc_files:|        1.540000 |        0.000000 |        0.000000 |
|                       wc_files:|        1.500000 |        0.000000 |        0.010000 |
|                       wc_files:|        1.480000 |        0.000000 |        0.000000 |
|                   remove_block:|        0.000000 |        0.000000 |        0.000000 |
|                   remove_block:|        0.000000 |        0.000000 |        0.000000 |
|                   remove_block:|        0.000000 |        0.000000 |        0.000000 |
|                   remove_block:|        0.000000 |        0.000000 |        0.000000 |
|                   remove_block:|        0.000000 |        0.000000 |        0.000000 |
|                   remove_block:|        0.000000 |        0.000000 |        0.000000 |
|                   remove_block:|        0.000000 |        0.000000 |        0.000000 |
|                   remove_block:|        0.000000 |        0.000000 |        0.000000 |
|                   remove_block:|        0.000000 |        0.000000 |        0.000000 |
|                   remove_block:|        0.000000 |        0.000000 |        0.000000 |

4)
STATIC
|                   create_table:|        0.000000 |        0.000000 |        0.000000 |
|                       wc_files:|        0.530000 |        0.000000 |        0.000000 |
|                       wc_files:|        1.060000 |        0.000000 |        0.000000 |
|                   remove_block:|        0.000000 |        0.000000 |        0.000000 |
|                       wc_files:|        0.920000 |        0.000000 |        0.000000 |
|                   remove_block:|        0.000000 |        0.000000 |        0.000000 |
|                   remove_block:|        0.000000 |        0.000000 |        0.000000 |
SHARED
|                   create_table:|        0.000000 |        0.000000 |        0.000000 |
|                       wc_files:|        0.330000 |        0.000000 |        0.000000 |
|                       wc_files:|        0.630000 |        0.000000 |        0.000000 |
|                   remove_block:|        0.000000 |        0.000000 |        0.000000 |
|                       wc_files:|        0.630000 |        0.000000 |        0.000000 |
|                   remove_block:|        0.000000 |        0.000000 |        0.000000 |
|                   remove_block:|        0.000000 |        0.000000 |        0.000000 |
